[{"id": 0, "img_name": "frame_0001", "width": 1266, "height": 711, "position": [-0.6298735859076339, -4.457691207859444, 1.1687068545103083], "rotation": [[-0.7634814208012913, -0.5987625632656024, 0.24203204937125017], [0.45159432848794, -0.22704510782333773, 0.8628517146596023], [-0.4616911116415045, 0.7680715538575132, 0.44374249918859165]], "fy": 1185.2383901453356, "fx": 1185.8696218829364}, {"id": 1, "img_name": "frame_0002", "width": 1266, "height": 711, "position": [-0.8157131495775932, -4.1276313114731416, 0.9443033716627344], "rotation": [[-0.6646767405969608, -0.6807136065575615, 0.30795099668096176], [0.546873514070223, -0.16243542031687944, 0.8213063337360575], [-0.5090522469431661, 0.7143134606556677, 0.4802312878272698]], "fy": 1185.2383901453356, "fx": 1185.8696218829364}, {"id": 2, "img_name": "frame_0003", "width": 1266, "height": 711, "position": [-1.43541984909931, -3.118035280233471, 0.5187343251749491], "rotation": [[-0.5178155836944794, -0.7553282710354869, 0.4016792554485324], [0.6616618244125465, -0.05597452838428776, 0.7477101592777896], [-0.5422828149574779, 0.65295180154947, 0.5287563649310478]], "fy": 1185.2383901453356, "fx": 1185.8696218829364}, {"id": 3, "img_name": "frame_0004", "width": 1266, "height": 711, "position": [-1.7809385440359473, -2.272101902349268, 0.5381772284277183], "rotation": [[-0.3698634751742222, -0.7749584871095094, 0.5124844904862859], [0.7497840804208805, 0.07677078687945113, 0.6572138761691844], [-0.5486573087815945, 0.6273321206018788, 0.552656826594667]], "fy": 1185.2383901453356, "fx": 1185.8696218829364}, {"id": 4, "img_name": "frame_0005", "width": 1266, "height": 711, "position": [-2.042931884519149, -1.5052816231266097, 0.8914560114419762], "rotation": [[-0.31111984819111216, -0.736455191973499, 0.6006980857941996], [0.7835674789202663, 0.15889929252913854, 0.6006438385701437], [-0.5377977742981808, 0.6575597045508611, 0.527625614343075]], "fy": 1185.2383901453356, "fx": 1185.8696218829364}, {"id": 5, "img_name": "frame_0006", "width": 1266, "height": 711, "position": [-2.2706512630567284, -1.1375732849874156, 1.3039678095244895], "rotation": [[-0.3362645290523424, -0.7132838901504858, 0.614940857768449], [0.7805552475376528, 0.15425814835578633, 0.6057540170789439], [-0.5269342198440328, 0.6836889027310842, 0.5048859398316876]], "fy": 1185.2383901453356, "fx": 1185.8696218829364}, {"id": 6, "img_name": "frame_0007", "width": 1266, "height": 711, "position": [-2.641222167503718, -1.1682172868430452, 1.6840219670576897], "rotation": [[-0.3633262801579577, -0.669990910324128, 0.6473841164483622], [0.7674351978276759, 0.1787580014467758, 0.6157018710820604], [-0.5282397479192349, 0.720526027983584, 0.4492271270932141]], "fy": 1185.2383901453356, "fx": 1185.8696218829364}, {"id": 7, "img_name": "frame_0008", "width": 1266, "height": 711, "position": [-2.998177791853133, -0.9658303950519679, 1.8551881498014686], "rotation": [[-0.34103451495805204, -0.6268146240484367, 0.700570400949357], [0.7741659113359507, 0.23548144958495223, 0.587550532828238], [-0.5332565998960563, 0.7427327338823747, 0.4049512127243364]], "fy": 1185.2383901453356, "fx": 1185.8696218829364}, {"id": 8, "img_name": "frame_0009", "width": 1266, "height": 711, "position": [-3.4012236058202396, -0.6631301667684986, 1.574823948525249], "rotation": [[-0.2832510246680179, -0.6221813120414053, 0.7298350991634708], [0.7900843840703782, 0.279985811314372, 0.5453206501781902], [-0.543631789976128, 0.7310939477311166, 0.4122694707570314]], "fy": 1185.2383901453356, "fx": 1185.8696218829364}, {"id": 9, "img_name": "frame_0010", "width": 1266, "height": 711, "position": [-3.2615658535097873, -0.34182220012172376, 1.2535683226226964], "rotation": [[-0.2107960592942998, -0.6490670265773923, 0.7309425534171452], [0.8100729668347127, 0.30252555014580196, 0.5022549949105396], [-0.5471259542277264, 0.6979901765203879, 0.4620204580875586]], "fy": 1185.2383901453356, "fx": 1185.8696218829364}, {"id": 10, "img_name": "frame_0011", "width": 1266, "height": 711, "position": [-3.1532890865270957, 0.526112560910343, 0.7351322097882171], "rotation": [[-0.10257209742181095, -0.6732982966487093, 0.7322215297028876], [0.8395963472448428, 0.336148107417861, 0.4267111711362936], [-0.5334387861072791, 0.6585391815293427, 0.530819374050209]], "fy": 1185.2383901453356, "fx": 1185.8696218829364}, {"id": 11, "img_name": "frame_0012", "width": 1266, "height": 711, "position": [-2.953223215986268, 0.7743609115297245, 0.30004625736944335], "rotation": [[-0.00975409922491122, -0.7096438680888446, 0.7044930361843279], [0.8540743312192475, 0.360500753904389, 0.3749616556219608], [-0.5200595103454076, 0.6053468319222208, 0.6025722519175815]], "fy": 1185.2383901453356, "fx": 1185.8696218829364}, {"id": 12, "img_name": "frame_0013", "width": 1266, "height": 711, "position": [-2.843555619654985, 0.7576476451314933, -0.29532413675446645], "rotation": [[0.06543578905541532, -0.7479909208765443, 0.6604753892439551], [0.8564884158205505, 0.38172014189918335, 0.34744399093043893], [-0.5120017100322016, 0.5429542481229209, 0.6656237175532245]], "fy": 1185.2383901453356, "fx": 1185.8696218829364}, {"id": 13, "img_name": "frame_0014", "width": 1266, "height": 711, "position": [-2.7836324834429726, 0.704335046770514, -0.8697371483070483], "rotation": [[0.13599114255875486, -0.766565629773699, 0.6276014216006977], [0.8504123943345132, 0.41530311346028864, 0.32298929318544106], [-0.5082373153437325, 0.4897963446166608, 0.7083744575380686]], "fy": 1185.2383901453356, "fx": 1185.8696218829364}, {"id": 14, "img_name": "frame_0015", "width": 1266, "height": 711, "position": [-2.553084019861212, 1.0918033358248376, -1.395800575035352], "rotation": [[0.20593769026423048, -0.7837332987129345, 0.5859622720083401], [0.8446179561372127, 0.44475226376832744, 0.29802001953483837], [-0.4941762599510737, 0.4335407020816962, 0.7535464708558314]], "fy": 1185.2383901453356, "fx": 1185.8696218829364}, {"id": 15, "img_name": "frame_0016", "width": 1266, "height": 711, "position": [-2.4200667545585133, 0.8254569217908868, -1.814277338810992], "rotation": [[0.2675661717772196, -0.794643675048275, 0.5449309804243602], [0.8220613366625175, 0.4832764365330888, 0.3010964042570323], [-0.5026166555985965, 0.3674034779335256, 0.7825542677138954]], "fy": 1185.2383901453356, "fx": 1185.8696218829364}, {"id": 16, "img_name": "frame_0017", "width": 1266, "height": 711, "position": [-1.8952011605424708, 1.302190388232306, -2.0053310686505483], "rotation": [[0.3756830095500293, -0.7703205176728942, 0.5152364276597651], [0.7797506845516867, 0.5632024863939449, 0.2734809486250442], [-0.5008504230572318, 0.29901381133961397, 0.8122435560541861]], "fy": 1185.2383901453356, "fx": 1185.8696218829364}, {"id": 17, "img_name": "frame_0018", "width": 1266, "height": 711, "position": [-1.6560467947197897, 1.3954621883510463, -2.066699546190451], "rotation": [[0.48517580797174553, -0.7328131252761548, 0.4770632649680314], [0.7296725855789885, 0.6399446413457405, 0.24093313152687185], [-0.4818530410959727, 0.23120505927826482, 0.84519930628858]], "fy": 1185.2383901453356, "fx": 1185.8696218829364}, {"id": 18, "img_name": "frame_0019", "width": 1266, "height": 711, "position": [-1.3389042212978384, 1.743487261466879, -2.3730678205797773], "rotation": [[0.5801794916928917, -0.6850666214440444, 0.4405399886528126], [0.6757415101414598, 0.7068239361475497, 0.20922077994459307], [-0.45471438166250816, 0.17630555145010884, 0.8730127053125607]], "fy": 1185.2383901453356, "fx": 1185.8696218829364}, {"id": 19, "img_name": "frame_0020", "width": 1266, "height": 711, "position": [-1.270411534977492, 1.6486921463270032, -2.3464661923853325], "rotation": [[0.6598579320121261, -0.6346663807671176, 0.4022264221612606], [0.6078994419895882, 0.7655522142593492, 0.21068477797732488], [-0.4416398736407613, 0.10549119568274747, 0.8909690396663607]], "fy": 1185.2383901453356, "fx": 1185.8696218829364}, {"id": 20, "img_name": "frame_0021", "width": 1266, "height": 711, "position": [-0.8976195837740882, 2.04149103794262, -2.643697107232128], "rotation": [[0.7597761913070792, -0.5471107440067594, 0.3512975560906721], [0.5173007217008062, 0.8359767577063891, 0.1831470008013737], [-0.3938782838019045, 0.042575748579251935, 0.9181760197163628]], "fy": 1185.2383901453356, "fx": 1185.8696218829364}, {"id": 21, "img_name": "frame_0022", "width": 1266, "height": 711, "position": [-0.4503665121975051, 2.3329883882118447, -2.6732110890158727], "rotation": [[0.8579868445707144, -0.41524277841165824, 0.30237726356416955], [0.38811822632138887, 0.9096603908779339, 0.14792638596593793], [-0.33648598327527385, -0.009560765909224105, 0.9416399390502196]], "fy": 1185.2383901453356, "fx": 1185.8696218829364}, {"id": 22, "img_name": "frame_0023", "width": 1266, "height": 711, "position": [0.15417410039277055, 2.6205621970334367, -2.630530871279347], "rotation": [[0.9311955368187896, -0.2724086686212373, 0.242215584694236], [0.2505720242616451, 0.9609512139727917, 0.11741560808359197], [-0.2647423896284599, -0.04864444083575242, 0.9630914730749045]], "fy": 1185.2383901453356, "fx": 1185.8696218829364}, {"id": 23, "img_name": "frame_0024", "width": 1266, "height": 711, "position": [0.41624587277460806, 2.7108629393837065, -2.563104888641143], "rotation": [[0.9776710683300506, -0.12079910994413676, 0.17195015902022937], [0.10765059092073291, 0.9906445085702809, 0.08387376177305995], [-0.180473356551029, -0.06349041405008599, 0.981528570597389]], "fy": 1185.2383901453356, "fx": 1185.8696218829364}, {"id": 24, "img_name": "frame_0025", "width": 1266, "height": 711, "position": [0.755742883178536, 3.0701951497224105, -2.4535847801221213], "rotation": [[0.9943543342757518, 0.013530653228159509, 0.10524437909097921], [-0.01754000097253737, 0.9991515196205456, 0.03726377873804538], [-0.10465087803219729, -0.0388993864112779, 0.9937479718036742]], "fy": 1185.2383901453356, "fx": 1185.8696218829364}, {"id": 25, "img_name": "frame_0026", "width": 1266, "height": 711, "position": [1.0364371034503914, 3.3448050910453895, -2.442407550358846], "rotation": [[0.9959120788701582, 0.08363218269570505, 0.034129007868265115], [-0.08403561401954437, 0.9964067936497517, 0.010560167848068378], [-0.03312320541369821, -0.013385050846875104, 0.9993616430887013]], "fy": 1185.2383901453356, "fx": 1185.8696218829364}, {"id": 26, "img_name": "frame_0027", "width": 1266, "height": 711, "position": [1.0904602671670125, 3.398879909199412, -2.5417640590298527], "rotation": [[0.9906578795072011, 0.13488100522385565, -0.020101746195250382], [-0.1352288704284698, 0.9906671374119265, -0.01708143596713667], [0.017610178106315467, 0.019640195565765146, 0.9996520116246466]], "fy": 1185.2383901453356, "fx": 1185.8696218829364}, {"id": 27, "img_name": "frame_0028", "width": 1266, "height": 711, "position": [1.350134788969597, 3.3940064710846944, -2.6066915615906168], "rotation": [[0.9736535972206132, 0.22493586658720413, -0.03745034768895446], [-0.22370285837318907, 0.9740490271777601, 0.03443143635870981], [0.04422333970908353, -0.025146542043041547, 0.9987051354870728]], "fy": 1185.2383901453356, "fx": 1185.8696218829364}, {"id": 28, "img_name": "frame_0029", "width": 1266, "height": 711, "position": [1.7360934367064071, 3.4141776339210463, -2.4057234376963024], "rotation": [[0.9388545059328212, 0.3331504761483633, -0.0869653777762001], [-0.3323813952324228, 0.9428495674135363, 0.023607230491003047], [0.08986002889486686, 0.006741918883095235, 0.9959315848675487]], "fy": 1185.2383901453356, "fx": 1185.8696218829364}, {"id": 29, "img_name": "frame_0030", "width": 1266, "height": 711, "position": [1.9849290893944802, 3.516120125313842, -2.4415868131068903], "rotation": [[0.8886452355883558, 0.434753178010912, -0.14594286373621568], [-0.4403532021555352, 0.8977986367166519, -0.006831197632010464], [0.12805741922076141, 0.07033691860704007, 0.9892694351203745]], "fy": 1185.2383901453356, "fx": 1185.8696218829364}, {"id": 30, "img_name": "frame_0031", "width": 1266, "height": 711, "position": [2.278174019913133, 3.5198931019410664, -2.368857901259991], "rotation": [[0.8242520591652637, 0.5379912192065665, -0.17656157854543295], [-0.5444223288026983, 0.8386946753711854, 0.013984613154055551], [0.15560485488206846, 0.08459721957992523, 0.9841902456214836]], "fy": 1185.2383901453356, "fx": 1185.8696218829364}, {"id": 31, "img_name": "frame_0032", "width": 1266, "height": 711, "position": [2.617871756228649, 3.1923882941745054, -2.163184630083711], "rotation": [[0.7411862508729539, 0.6324208049537087, -0.22513744019731158], [-0.6419529616425248, 0.7658120153655741, 0.0377935465405], [0.196314381936948, 0.11651558944373526, 0.9735937452866534]], "fy": 1185.2383901453356, "fx": 1185.8696218829364}, {"id": 32, "img_name": "frame_0033", "width": 1266, "height": 711, "position": [2.970342256890222, 3.0906399251020926, -1.9098504804709744], "rotation": [[0.62304119382418, 0.727150904781716, -0.28822080506665776], [-0.737158357206239, 0.6690776995917896, 0.09451237120058886], [0.26156686946006646, 0.15357927459162818, 0.9528883351247247]], "fy": 1185.2383901453356, "fx": 1185.8696218829364}, {"id": 33, "img_name": "frame_0034", "width": 1266, "height": 711, "position": [3.3543764583762945, 2.767009715312399, -1.5847064337117678], "rotation": [[0.4642042424762342, 0.8281863929618053, -0.31404095239312285], [-0.8146762861892957, 0.5383674616133721, 0.21555283574286574], [0.3475873559091037, 0.1557811759773577, 0.9246162745827209]], "fy": 1185.2383901453356, "fx": 1185.8696218829364}, {"id": 34, "img_name": "frame_0035", "width": 1266, "height": 711, "position": [3.5452044703804244, 2.451950268673391, -1.4431730326757923], "rotation": [[0.32276982436443824, 0.8934312651503049, -0.31241033102584037], [-0.850705313596201, 0.41853396800445025, 0.31800909899818786], [0.4148736071370883, 0.16312538759609213, 0.8951368599396886]], "fy": 1185.2383901453356, "fx": 1185.8696218829364}, {"id": 35, "img_name": "frame_0036", "width": 1266, "height": 711, "position": [3.9622615128013248, 1.704243257297163, -0.8087989379648397], "rotation": [[0.21477830275410817, 0.9094548601752025, -0.3560367087390957], [-0.8555877578422187, 0.35100770841945994, 0.38047756472707345], [0.4709987996763788, 0.22290232375150876, 0.8535072845439506]], "fy": 1185.2383901453356, "fx": 1185.8696218829364}, {"id": 36, "img_name": "frame_0037", "width": 1266, "height": 711, "position": [4.35094307587837, 1.2640971172292639, -0.07725419948241224], "rotation": [[0.09103268027399411, 0.9099730114491275, -0.4045518131912628], [-0.8432594212841326, 0.2865359187442142, 0.4547644617656028], [0.5297420122452834, 0.29974370002322787, 0.7934274476968283]], "fy": 1185.2383901453356, "fx": 1185.8696218829364}, {"id": 37, "img_name": "frame_0038", "width": 1266, "height": 711, "position": [4.5245159297956965, 0.9292231245215544, 0.6041925178748834], "rotation": [[-0.08961876857475355, 0.8864013287288528, -0.45415984052629405], [-0.8064684607075491, 0.20299787395045102, 0.5553381717976834], [0.5844459754358321, 0.4160343106034897, 0.6966622956623518]], "fy": 1185.2383901453356, "fx": 1185.8696218829364}, {"id": 38, "img_name": "frame_0039", "width": 1266, "height": 711, "position": [4.566356993076318, 0.5658215068642573, 1.1567394477578095], "rotation": [[-0.2847516144399759, 0.8253034132989764, -0.4876379743937978], [-0.7579294222508329, 0.11761643350954405, 0.6416458255572255], [0.5869067293534346, 0.5523048529259488, 0.5920302698968192]], "fy": 1185.2383901453356, "fx": 1185.8696218829364}, {"id": 39, "img_name": "frame_0040", "width": 1266, "height": 711, "position": [4.420434147617879, 0.11663081908212955, 1.5043433700744464], "rotation": [[-0.4143034793663278, 0.7608100268161933, -0.49952050016080174], [-0.7309437053294475, 0.04887396042513059, 0.6806854160562134], [0.5422858347995202, 0.6471317015015613, 0.535860648198281]], "fy": 1185.2383901453356, "fx": 1185.8696218829364}, {"id": 40, "img_name": "frame_0041", "width": 1266, "height": 711, "position": [4.2454306993002975, -0.16266611282949817, 1.7154565753129984], "rotation": [[-0.5098489301252469, 0.7151824721438567, -0.4780879626055673], [-0.7017526694460481, -0.024310535810240074, 0.7120057505202921], [0.49759145830237717, 0.6985148741342738, 0.5142759096415981]], "fy": 1185.2383901453356, "fx": 1185.8696218829364}, {"id": 41, "img_name": "frame_0042", "width": 1266, "height": 711, "position": [4.036431293613857, -0.523741581915513, 1.8750635001449965], "rotation": [[-0.6357095064143496, 0.6587549700103181, -0.4023870188526568], [-0.6304742833932853, -0.14232441027045237, 0.7630504178761003], [0.4453937599856414, 0.7387730718751683, 0.5058050482527633]], "fy": 1185.2383901453356, "fx": 1185.8696218829364}, {"id": 42, "img_name": "frame_0043", "width": 1266, "height": 711, "position": [3.60666403328418, -0.7947290101275847, 2.0835912614695955], "rotation": [[-0.7642564801398143, 0.5600569226124774, -0.3197628433669918], [-0.5328148636183355, -0.2689863302890491, 0.8023432402812436], [0.36334605223075767, 0.7835704164601113, 0.5039811988327058]], "fy": 1185.2383901453356, "fx": 1185.8696218829364}, {"id": 43, "img_name": "frame_0044", "width": 1266, "height": 711, "position": [3.172870385151244, -1.1546288648467788, 1.9486170462829036], "rotation": [[-0.862764375695305, 0.44037570164848033, -0.2484086822731824], [-0.4241818931451384, -0.363069761285458, 0.8296083834966512], [0.2751496930016398, 0.8211270241794073, 0.5000430547496628]], "fy": 1185.2383901453356, "fx": 1185.8696218829364}, {"id": 44, "img_name": "frame_0045", "width": 1266, "height": 711, "position": [2.7359863677767065, -1.2148829069281173, 1.9269336931288086], "rotation": [[-0.9193041643557673, 0.3178666569519399, -0.23203586316848043], [-0.3453816632153091, -0.36900196849794836, 0.8628725595122759], [0.188656725596441, 0.8733832696146846, 0.4490103609543909]], "fy": 1185.2383901453356, "fx": 1185.8696218829364}, {"id": 45, "img_name": "frame_0046", "width": 1266, "height": 711, "position": [2.49421745455905, -1.6215157068210582, 1.9403933758922522], "rotation": [[-0.9534559358015309, 0.24526362204596408, -0.17540676778768052], [-0.2608241269862223, -0.37893749256006065, 0.8879060488104408], [0.1513028528042408, 0.8923296097480956, 0.4252708716807557]], "fy": 1185.2383901453356, "fx": 1185.8696218829364}, {"id": 46, "img_name": "frame_0047", "width": 1266, "height": 711, "position": [2.243672746403966, -2.0986528846777155, 1.8978130353198146], "rotation": [[-0.9744129472702768, 0.1970518163476842, -0.10812025650233563], [-0.17989479349461554, -0.3953427728190329, 0.9007452221651183], [0.13474892009059644, 0.8971480778856058, 0.4206757122542029]], "fy": 1185.2383901453356, "fx": 1185.8696218829364}, {"id": 47, "img_name": "frame_0048", "width": 1266, "height": 711, "position": [2.0674633653343344, -2.6173098139144044, 1.7427893049102616], "rotation": [[-0.9877129962995512, 0.15313964731054716, -0.031165451425638507], [-0.09535956516578495, -0.43259237740931195, 0.896532424588621], [0.12381272257871977, 0.8884886512662727, 0.4418804434444734]], "fy": 1185.2383901453356, "fx": 1185.8696218829364}, {"id": 48, "img_name": "frame_0049", "width": 1266, "height": 711, "position": [1.784253077901501, -2.713056536703222, 1.8688456229717652], "rotation": [[-0.9957233275563129, 0.08213692331694249, 0.042291616051056524], [0.005448652133839679, -0.40476641417978704, 0.9144038834902011], [0.09222454743780353, 0.9107237099033183, 0.40258782528763676]], "fy": 1185.2383901453356, "fx": 1185.8696218829364}, {"id": 49, "img_name": "frame_0050", "width": 1266, "height": 711, "position": [1.5172308312650271, -2.524978705323659, 1.7737291051404238], "rotation": [[-0.9993764892958994, -0.013740628472885267, -0.03252426435405033], [-0.0231549485426275, -0.4403576362908127, 0.8975238161287732], [-0.026654849476038824, 0.8977172980897369, 0.43976490504572063]], "fy": 1185.2383901453356, "fx": 1185.8696218829364}, {"id": 50, "img_name": "frame_0051", "width": 1266, "height": 711, "position": [1.512021231074526, -3.3671383888787934, 1.6288233033955677], "rotation": [[-0.9854211259612448, -0.15992596087248218, -0.058042153201660125], [0.021176977210883807, -0.4538042310279049, 0.8908497379117205], [-0.16880977502941405, 0.8766329944396256, 0.4505750247343207]], "fy": 1185.2383901453356, "fx": 1185.8696218829364}, {"id": 51, "img_name": "frame_0052", "width": 1266, "height": 711, "position": [1.0105506180127564, -3.5373949224863797, 1.229617616739135], "rotation": [[-0.9393848450925817, -0.3428563282372726, -0.002377182795230119], [0.15445630366761381, -0.4293611650311508, 0.8898270844497995], [-0.30610351691498777, 0.8355229070173651, 0.45629169265013725]], "fy": 1185.2383901453356, "fx": 1185.8696218829364}, {"id": 52, "img_name": "frame_0053", "width": 1266, "height": 711, "position": [0.6739040757413458, -3.255512554169914, 1.0561808117553881], "rotation": [[-0.828375336035309, -0.5469819706733968, 0.12085125736472727], [0.3703071522011868, -0.3728321867003673, 0.8508047799518225], [-0.42031763664761346, 0.7495377804477031, 0.5113963238081548]], "fy": 1185.2383901453356, "fx": 1185.8696218829364}, {"id": 53, "img_name": "frame_0054", "width": 1266, "height": 711, "position": [-0.19558916274466218, -2.7295787562637823, 0.4451651475799446], "rotation": [[-0.6553956467256536, -0.717943204002288, 0.23455085179975665], [0.5720834726834154, -0.2691218650728352, 0.7747863718614328], [-0.49312984754073264, 0.6419742810788044, 0.5871047401425118]], "fy": 1185.2383901453356, "fx": 1185.8696218829364}, {"id": 54, "img_name": "frame_0055", "width": 1266, "height": 711, "position": [-0.9495020310433047, -2.2116618454885035, -0.2165997216297527], "rotation": [[-0.5353072792776388, -0.7863021545799338, 0.3085045193434374], [0.6592847896041323, -0.16064236047575167, 0.7345322308907984], [-0.5280053815530734, 0.59659278718715, 0.6043900754705205]], "fy": 1185.2383901453356, "fx": 1185.8696218829364}, {"id": 55, "img_name": "frame_0056", "width": 1266, "height": 711, "position": [-1.4499964762615447, -2.1635014847225036, -0.4850796486303941], "rotation": [[-0.4599520492750223, -0.7834918417857146, 0.4178332756290898], [0.7032202282827921, -0.0341060268232478, 0.7101535675248201], [-0.5421488936644661, 0.6204654001550448, 0.5666544487682381]], "fy": 1185.2383901453356, "fx": 1185.8696218829364}, {"id": 56, "img_name": "frame_0057", "width": 1266, "height": 711, "position": [-2.4024318053699285, -1.6017111794890935, -0.17952971744026897], "rotation": [[-0.3194188069442836, -0.7639398473675285, 0.5606848806365011], [0.7516684226453619, 0.15603339859930818, 0.6408183525144884], [-0.5770322418791902, 0.6261385534573211, 0.5243894580426358]], "fy": 1185.2383901453356, "fx": 1185.8696218829364}, {"id": 57, "img_name": "frame_0058", "width": 1266, "height": 711, "position": [-2.6550489973528664, -0.3932653965608961, 0.19760415268114165], "rotation": [[-0.11087940341931063, -0.7467470811408852, 0.6558006973958976], [0.7950118036824134, 0.3293252326905373, 0.5094125274460366], [-0.5963740352354495, 0.577852652430437, 0.5571573585407404]], "fy": 1185.2383901453356, "fx": 1185.8696218829364}, {"id": 58, "img_name": "frame_0059", "width": 1266, "height": 711, "position": [-2.5910673512101767, 1.3806917353648718, -0.0221226284080074], "rotation": [[0.041074587567561764, -0.7277298162313186, 0.684632889090267], [0.8166924461910827, 0.4192003738712005, 0.3965910927903843], [-0.5756095261464843, 0.5428446933646647, 0.6115499262490701]], "fy": 1185.2383901453356, "fx": 1185.8696218829364}, {"id": 59, "img_name": "frame_0060", "width": 1266, "height": 711, "position": [-2.5120340883295196, 2.2459131128649004, 0.17442844870121538], "rotation": [[0.18361042261241967, -0.6619442995422311, 0.7267165589221379], [0.8337217711929824, 0.4965172958141783, 0.24161660372625862], [-0.5207640741707558, 0.5615160899394787, 0.6430431243642644]], "fy": 1185.2383901453356, "fx": 1185.8696218829364}, {"id": 60, "img_name": "frame_0061", "width": 1266, "height": 711, "position": [-3.0428448890597326, 2.6267993664167184, -0.7952530761559244], "rotation": [[0.27021022784970417, -0.6219453025461869, 0.7349629061429858], [0.8321548820420731, 0.5348076316844086, 0.14662554138231773], [-0.48425683790624435, 0.5719832495212129, 0.6620653118901482]], "fy": 1185.2383901453356, "fx": 1185.8696218829364}, {"id": 61, "img_name": "frame_0062", "width": 1266, "height": 711, "position": [-2.9208609674226187, 1.7073673464165666, -0.32276309235602346], "rotation": [[0.13484328752573793, -0.6768128670477023, 0.723699959104545], [0.8429818009171572, 0.4622175278529156, 0.27520290744831366], [-0.5207676748145155, 0.5729566300726505, 0.6328678605554833]], "fy": 1185.2383901453356, "fx": 1185.8696218829364}, {"id": 62, "img_name": "frame_0063", "width": 1266, "height": 711, "position": [-2.678589447250343, 0.3614544665847345, 0.34587300627588397], "rotation": [[-0.11200650414274962, -0.7244668465548489, 0.6801487567235514], [0.8329918828550154, 0.3047547343496157, 0.4617889940104158], [-0.5418293699379693, 0.6182817643553528, 0.5693404901623065]], "fy": 1185.2383901453356, "fx": 1185.8696218829364}, {"id": 63, "img_name": "frame_0064", "width": 1266, "height": 711, "position": [-1.789003414589908, -1.2697976855670765, 1.37545549648728], "rotation": [[-0.3627413835493757, -0.7027539742667022, 0.6120094282877017], [0.7668900139979843, 0.14799708484326018, 0.6244810399908614], [-0.5294321439909516, 0.6958690354730922, 0.4852503378452122]], "fy": 1185.2383901453356, "fx": 1185.8696218829364}, {"id": 64, "img_name": "frame_0065", "width": 1266, "height": 711, "position": [-0.7250846462476921, -2.2724069587433977, 2.2654794953771162], "rotation": [[-0.6216550667754234, -0.6343460418231786, 0.4595106932114971], [0.6108393032647043, -0.025378240238066455, 0.7913477683733682], [-0.4903267518089696, 0.7726325414747204, 0.403260005845831]], "fy": 1185.2383901453356, "fx": 1185.8696218829364}, {"id": 65, "img_name": "frame_0066", "width": 1266, "height": 711, "position": [0.5287691057662688, -2.6524475775094896, 2.9135978392783795], "rotation": [[-0.8481925016412919, -0.47975704106229644, 0.22450537122892414], [0.35015518078275576, -0.1898257189544893, 0.9172554419540977], [-0.39744286322751193, 0.8566209068044984, 0.3289981648808334]], "fy": 1185.2383901453356, "fx": 1185.8696218829364}, {"id": 66, "img_name": "frame_0067", "width": 1266, "height": 711, "position": [1.6921635141042104, -2.8928247212678526, 3.0220475520675083], "rotation": [[-0.9560602881752044, -0.2928922960232228, -0.012760419451948961], [0.0862756486341905, -0.32268604316316607, 0.9425657695887586], [-0.2801878616697992, 0.9000487878320509, 0.33377678423605417]], "fy": 1185.2383901453356, "fx": 1185.8696218829364}, {"id": 67, "img_name": "frame_0068", "width": 1266, "height": 711, "position": [2.264894917971805, -3.0901752932482283, 2.8149349150534593], "rotation": [[-0.9775414795966145, -0.18828750806337685, -0.09465975900743358], [-0.028813942842570453, -0.3255398626707017, 0.9450891780727391], [-0.20876401118470272, 0.9265913943695053, 0.3128034135274884]], "fy": 1185.2383901453356, "fx": 1185.8696218829364}]